Ingrese el número de pistas (1 o 2): 2
Ingrese el número del archivo de caso: 3

=== Caso 3 ===
Semilla Determinista: costo = 0.0, tiempo = 0.0012 s
Semilla Estocástica: costo = 1623.0, tiempo = 0.0056 s

--- Tamaño de lista tabú: 5 ---
Tabu Determinista: costo = 0.0, tiempo = 8.4126 s
Orden: [0, 1, 2, 3, 4, 5, 6, 7, 8, 9, 10, 11, 12, 13, 14, 15, 16, 17, 18, 19, 20, 21, 22, 23, 24, 25, 26, 27, 28, 29, 30, 31, 32, 33, 34, 35, 36, 37, 38, 39, 40, 41, 42, 43]

Tabu Estocástico: costo = 1005.0, tiempo = 7.8182 s

Orden: [2, 1, 10, 4, 11, 5, 8, 13, 15, 9, 16, 17, 0, 7, 14, 18, 12, 6, 23, 3, 21, 20, 22, 19, 24, 26, 25, 28, 29, 31, 32, 27, 30, 33, 35, 34, 37, 36, 38, 39, 40, 41, 42, 43]

--- Tamaño de lista tabú: 15 ---
Tabu Determinista: costo = 0.0, tiempo = 7.9684 s
Orden: [0, 1, 2, 3, 4, 5, 6, 7, 8, 9, 10, 11, 12, 13, 14, 15, 16, 17, 18, 19, 20, 21, 22, 23, 24, 25, 26, 27, 28, 29, 30, 31, 32, 33, 34, 35, 36, 37, 38, 39, 40, 41, 42, 43]

Tabu Estocástico: costo = 679.0, tiempo = 7.5573 s

Orden: [8, 12, 2, 4, 13, 3, 5, 14, 15, 6, 17, 19, 9, 11, 7, 21, 16, 18, 26, 20, 22, 29, 1, 23, 24, 27, 28, 30, 25, 31, 32, 33, 10, 34, 36, 0, 37, 38, 35, 39, 40, 41, 42, 43]

--- Tamaño de lista tabú: 20 ---
Tabu Determinista: costo = 0.0, tiempo = 8.3941 s
Orden: [0, 1, 2, 3, 4, 5, 6, 7, 8, 9, 10, 11, 12, 13, 14, 15, 16, 17, 18, 19, 20, 21, 22, 23, 24, 25, 26, 27, 28, 29, 30, 31, 32, 33, 34, 35, 36, 37, 38, 39, 40, 41, 42, 43]

Tabu Estocástico: costo = 1064.0, tiempo = 7.6751 s

Orden: [5, 12, 13, 4, 14, 3, 7, 11, 15, 6, 0, 17, 10, 16, 19, 2, 18, 21, 23, 1, 8, 20, 22, 26, 24, 27, 28, 25, 30, 31, 32, 9, 29, 33, 35, 34, 37, 36, 38, 39, 40, 41, 42, 43]

--- Tamaño de lista tabú: 25 ---
Tabu Determinista: costo = 0.0, tiempo = 7.6368 s
Orden: [0, 1, 2, 3, 4, 5, 6, 7, 8, 9, 10, 11, 12, 13, 14, 15, 16, 17, 18, 19, 20, 21, 22, 23, 24, 25, 26, 27, 28, 29, 30, 31, 32, 33, 34, 35, 36, 37, 38, 39, 40, 41, 42, 43]

Tabu Estocástico: costo = 984.0, tiempo = 7.7022 s

Orden: [4, 5, 10, 2, 14, 18, 7, 11, 13, 15, 16, 21, 17, 1, 19, 3, 20, 0, 12, 23, 25, 22, 24, 26, 6, 27, 9, 29, 30, 31, 33, 28, 8, 32, 37, 34, 35, 40, 38, 39, 36, 41, 42, 43]

--- Tamaño de lista tabú: 30 ---
Tabu Determinista: costo = 0.0, tiempo = 8.5492 s
Orden: [0, 1, 2, 3, 4, 5, 6, 7, 8, 9, 10, 11, 12, 13, 14, 15, 16, 17, 18, 19, 20, 21, 22, 23, 24, 25, 26, 27, 28, 29, 30, 31, 32, 33, 34, 35, 36, 37, 38, 39, 40, 41, 42, 43]

Tabu Estocástico: costo = 984.0, tiempo = 7.5826 s

Orden: [9, 12, 5, 4, 14, 16, 7, 11, 15, 6, 0, 17, 13, 10, 19, 2, 18, 21, 23, 1, 3, 20, 24, 26, 22, 27, 28, 25, 30, 31, 32, 8, 29, 33, 35, 34, 37, 36, 38, 39, 40, 41, 42, 43]