Ingrese el número de pistas (1 o 2): 1
Ingrese el número del archivo de caso: 3

=== Caso 3 ===
Semilla Determinista: costo = 3974.0, tiempo = 0.0041 s
Semilla Estocástica: costo = 3410.0, tiempo = 0.0079 s

--- Tamaño de lista tabú: 5 ---
Tabu Determinista: costo = 2934.0, tiempo = 7.4910 s
Orden: [5, 1, 3, 9, 10, 2, 11, 4, 6, 0, 13, 7, 12, 15, 14, 8, 16, 17, 24, 31, 23, 25, 32, 33, 34, 20, 22, 27, 26, 36, 18, 37, 35, 38, 29, 19, 21, 39, 28, 30, 40, 41, 42, 43]

Tabu Estocástico: costo = 2694.0, tiempo = 6.6062 s

Orden: [3, 5, 8, 12, 13, 14, 17, 20, 23, 2, 4, 25, 26, 0, 22, 28, 29, 30, 19, 32, 34, 35, 18, 21, 38, 39, 40, 41, 42, 24, 27, 31, 1, 43, 33, 6, 16, 10, 37, 36, 15, 11, 7, 9]

--- Tamaño de lista tabú: 15 ---
Tabu Determinista: costo = 1817.0, tiempo = 8.2269 s
Orden: [0, 1, 2, 12, 4, 5, 7, 6, 8, 9, 10, 11, 3, 13, 14, 15, 16, 17, 18, 19, 20, 21, 22, 23, 24, 25, 26, 27, 30, 33, 28, 31, 32, 29, 34, 35, 36, 37, 38, 39, 40, 41, 42, 43]

Tabu Estocástico: costo = 2813.0, tiempo = 7.2379 s

Orden: [5, 6, 12, 13, 14, 16, 21, 23, 15, 17, 1, 4, 24, 26, 28, 29, 33, 25, 34, 7, 9, 2, 37, 38, 39, 11, 40, 3, 31, 10, 41, 18, 20, 0, 35, 27, 42, 8, 19, 36, 22, 43, 30, 32]

--- Tamaño de lista tabú: 20 ---
Tabu Determinista: costo = 1476.0, tiempo = 8.2545 s
Orden: [0, 1, 2, 3, 4, 5, 6, 7, 14, 9, 10, 11, 12, 13, 8, 15, 16, 17, 18, 19, 20, 21, 22, 23, 24, 25, 26, 27, 28, 29, 30, 31, 32, 33, 34, 35, 36, 37, 38, 39, 40, 41, 42, 43]

Tabu Estocástico: costo = 2839.0, tiempo = 6.8178 s

Orden: [5, 6, 12, 13, 14, 0, 17, 2, 18, 21, 20, 23, 19, 16, 26, 1, 4, 27, 8, 24, 28, 29, 31, 33, 25, 11, 34, 30, 37, 35, 38, 7, 39, 40, 15, 36, 22, 41, 32, 42, 43, 3, 9, 10]

--- Tamaño de lista tabú: 25 ---
Tabu Determinista: costo = 1417.0, tiempo = 7.9072 s
Orden: [0, 1, 3, 2, 7, 5, 6, 4, 8, 9, 14, 11, 12, 13, 10, 15, 16, 17, 18, 19, 20, 21, 22, 23, 24, 25, 26, 27, 28, 29, 30, 31, 32, 33, 34, 35, 36, 37, 38, 39, 40, 41, 42, 43]

Tabu Estocástico: costo = 2781.0, tiempo = 6.5030 s

Orden: [5, 6, 12, 13, 14, 16, 17, 18, 19, 21, 23, 15, 1, 25, 27, 0, 28, 29, 33, 2, 10, 26, 32, 34, 35, 38, 7, 9, 39, 4, 37, 40, 22, 41, 24, 42, 11, 20, 3, 43, 30, 31, 8, 36]

--- Tamaño de lista tabú: 30 ---
Tabu Determinista: costo = 2673.0, tiempo = 7.0546 s
Orden: [9, 3, 11, 20, 21, 18, 22, 23, 19, 15, 25, 27, 4, 17, 5, 26, 24, 7, 12, 8, 10, 28, 14, 16, 29, 6, 30, 0, 2, 13, 31, 1, 32, 33, 34, 35, 36, 37, 38, 39, 40, 41, 42, 43]

Tabu Estocástico: costo = 2577.0, tiempo = 6.5984 s

Orden: [5, 6, 12, 14, 16, 18, 20, 15, 17, 22, 1, 3, 23, 25, 7, 9, 28, 30, 31, 33, 36, 37, 11, 13, 38, 39, 40, 41, 10, 26, 19, 21, 4, 0, 42, 43, 32, 27, 29, 24, 8, 2, 35, 34]