Ingrese el número de pistas (1 o 2): 2
Ingrese el número del archivo de caso: 4

=== Caso 4 ===
Semilla Determinista: costo = 617.1, tiempo = 0.1405 s
Semilla Estocástica: costo = 74624.5, tiempo = 0.2505 s

--- Tamaño de lista tabú: 5 ---
Tabu Determinista: costo = 617.1, tiempo = 275.2258 s
Orden: [0, 1, 5, 9, 2, 7, 3, 6, 8, 4, 11, 12, 10, 13, 15, 16, 17, 14, 19, 18, 23, 21, 22, 20, 24, 26, 29, 30, 28, 25, 33, 27, 32, 34, 31, 35, 36, 39, 37, 40, 38, 43, 46, 41, 44, 45, 42, 49, 50, 47, 48, 51, 53, 52, 54, 58, 56, 57, 55, 59, 60, 61, 62, 63, 66, 65, 67, 64, 68, 69, 71, 70, 72, 73, 74, 76, 75, 78, 77, 84, 79, 80, 81, 83, 82, 87, 85, 86, 89, 88, 90, 91, 92, 94, 93, 97, 95, 98, 96, 99]

Tabu Estocástico: costo = 45016.7, tiempo = 153.6516 s

Orden: [6, 12, 16, 26, 30, 9, 17, 13, 25, 31, 46, 45, 40, 37, 2, 21, 50, 47, 51, 49, 11, 15, 24, 29, 58, 32, 56, 57, 20, 53, 33, 39, 63, 59, 14, 34, 27, 36, 38, 64, 62, 66, 65, 72, 19, 43, 44, 42, 70, 41, 76, 73, 55, 78, 7, 48, 52, 60, 61, 77, 69, 81, 8, 83, 87, 75, 1, 4, 84, 28, 5, 71, 80, 86, 79, 0, 23, 54, 85, 74, 89, 88, 82, 91, 90, 92, 93, 94, 10, 68, 67, 97, 3, 18, 22, 35, 95, 98, 96, 99]

--- Tamaño de lista tabú: 15 ---
Tabu Determinista: costo = 617.1, tiempo = 265.7422 s
Orden: [0, 1, 5, 9, 2, 7, 3, 6, 8, 4, 11, 12, 10, 13, 15, 16, 17, 14, 19, 18, 23, 21, 22, 20, 24, 26, 29, 30, 28, 25, 33, 27, 32, 34, 31, 35, 36, 39, 37, 40, 38, 43, 46, 41, 44, 45, 42, 49, 50, 47, 48, 51, 53, 52, 54, 58, 56, 57, 55, 59, 60, 61, 62, 63, 66, 65, 67, 64, 68, 69, 71, 70, 72, 73, 74, 76, 75, 78, 77, 84, 79, 80, 81, 83, 82, 87, 85, 86, 89, 88, 90, 91, 92, 94, 93, 97, 95, 98, 96, 99]

Tabu Estocástico: costo = 46589.9, tiempo = 149.0831 s

Orden: [16, 26, 9, 30, 12, 34, 3, 39, 2, 25, 27, 46, 31, 33, 45, 10, 37, 22, 50, 51, 41, 49, 7, 13, 47, 24, 44, 32, 57, 59, 52, 11, 60, 38, 64, 54, 62, 65, 72, 4, 43, 66, 55, 53, 42, 73, 76, 0, 71, 17, 8, 19, 48, 67, 5, 23, 58, 78, 77, 79, 68, 69, 81, 83, 75, 87, 80, 74, 86, 14, 85, 35, 89, 88, 21, 82, 70, 91, 6, 90, 40, 63, 61, 18, 92, 93, 94, 97, 95, 98, 20, 36, 84, 96, 1, 15, 28, 29, 99, 56]

--- Tamaño de lista tabú: 20 ---
Tabu Determinista: costo = 617.1, tiempo = 260.9389 s
Orden: [0, 1, 5, 9, 2, 7, 3, 6, 8, 4, 11, 12, 10, 13, 15, 16, 17, 14, 19, 18, 23, 21, 22, 20, 24, 26, 29, 30, 28, 25, 33, 27, 32, 34, 31, 35, 36, 39, 37, 40, 38, 43, 46, 41, 44, 45, 42, 49, 50, 47, 48, 51, 53, 52, 54, 58, 56, 57, 55, 59, 60, 61, 62, 63, 66, 65, 67, 64, 68, 69, 71, 70, 72, 73, 74, 76, 75, 78, 77, 84, 79, 80, 81, 83, 82, 87, 85, 86, 89, 88, 90, 91, 92, 94, 93, 97, 95, 98, 96, 99]

Tabu Estocástico: costo = 54425.2, tiempo = 163.1328 s

Orden: [6, 12, 16, 26, 33, 9, 13, 25, 31, 40, 34, 45, 37, 46, 50, 43, 51, 47, 41, 49, 7, 36, 4, 58, 57, 53, 8, 20, 63, 15, 52, 30, 60, 48, 38, 64, 59, 17, 62, 39, 66, 65, 72, 70, 76, 1, 23, 32, 73, 71, 27, 44, 0, 78, 21, 19, 5, 11, 24, 2, 10, 61, 77, 79, 68, 69, 81, 75, 83, 22, 87, 80, 67, 3, 28, 29, 54, 74, 84, 56, 86, 85, 89, 88, 82, 91, 90, 18, 35, 55, 92, 93, 94, 97, 14, 95, 42, 98, 96, 99]

--- Tamaño de lista tabú: 25 ---
Tabu Determinista: costo = 617.1, tiempo = 268.9167 s
Orden: [0, 1, 5, 9, 2, 7, 3, 6, 8, 4, 11, 12, 10, 13, 15, 16, 17, 14, 19, 18, 23, 21, 22, 20, 24, 26, 29, 30, 28, 25, 33, 27, 32, 34, 31, 35, 36, 39, 37, 40, 38, 43, 46, 41, 44, 45, 42, 49, 50, 47, 48, 51, 53, 52, 54, 58, 56, 57, 55, 59, 60, 61, 62, 63, 66, 65, 67, 64, 68, 69, 71, 70, 72, 73, 74, 76, 75, 78, 77, 84, 79, 80, 81, 83, 82, 87, 85, 86, 89, 88, 90, 91, 92, 94, 93, 97, 95, 98, 96, 99]

Tabu Estocástico: costo = 49087.6, tiempo = 179.1964 s

Orden: [6, 12, 16, 26, 30, 9, 34, 3, 39, 2, 1, 25, 31, 23, 40, 37, 21, 15, 22, 50, 43, 45, 51, 47, 18, 41, 35, 7, 49, 36, 58, 44, 57, 53, 59, 20, 5, 63, 56, 4, 13, 29, 27, 60, 24, 46, 38, 54, 62, 64, 66, 72, 0, 65, 19, 76, 67, 77, 73, 81, 78, 84, 83, 75, 10, 28, 33, 42, 80, 69, 87, 74, 17, 52, 79, 61, 85, 68, 86, 55, 89, 88, 91, 90, 92, 93, 94, 97, 95, 8, 32, 48, 11, 14, 70, 71, 82, 98, 96, 99]

--- Tamaño de lista tabú: 30 ---
Tabu Determinista: costo = 617.1, tiempo = 276.9697 s
Orden: [0, 1, 5, 9, 2, 7, 3, 6, 8, 4, 11, 12, 10, 13, 15, 16, 17, 14, 19, 18, 23, 21, 22, 20, 24, 26, 29, 30, 28, 25, 33, 27, 32, 34, 31, 35, 36, 39, 37, 40, 38, 43, 46, 41, 44, 45, 42, 49, 50, 47, 48, 51, 53, 52, 54, 58, 56, 57, 55, 59, 60, 61, 62, 63, 66, 65, 67, 64, 68, 69, 71, 70, 72, 73, 74, 76, 75, 78, 77, 84, 79, 80, 81, 83, 82, 87, 85, 86, 89, 88, 90, 91, 92, 94, 93, 97, 95, 98, 96, 99]

Tabu Estocástico: costo = 48135.7, tiempo = 169.9332 s

Orden: [6, 12, 16, 26, 30, 9, 34, 39, 13, 2, 25, 46, 37, 1, 22, 40, 50, 17, 41, 49, 35, 47, 7, 14, 24, 29, 27, 58, 44, 56, 57, 63, 15, 52, 33, 60, 38, 36, 64, 62, 66, 65, 4, 70, 73, 0, 23, 19, 51, 78, 67, 11, 77, 79, 69, 81, 72, 10, 8, 84, 68, 83, 75, 21, 80, 71, 20, 32, 54, 53, 87, 74, 86, 3, 55, 85, 5, 28, 45, 48, 43, 89, 88, 82, 90, 92, 18, 91, 31, 61, 93, 42, 59, 76, 94, 97, 95, 98, 96, 99]