Ingrese el número de pistas (1 o 2): 1
Ingrese el número del archivo de caso: 4

=== Caso 4 ===
Semilla Determinista: costo = 14265.9, tiempo = 0.2108 s
Semilla Estocástica: costo = 115752.5, tiempo = 0.3746 s

--- Tamaño de lista tabú: 5 ---
Tabu Determinista: costo = 14265.9, tiempo = 238.5058 s
Orden: [0, 1, 5, 9, 2, 7, 3, 6, 8, 4, 11, 12, 10, 13, 15, 16, 17, 14, 19, 18, 23, 21, 22, 20, 24, 26, 29, 30, 28, 25, 33, 27, 32, 34, 31, 35, 36, 39, 37, 40, 38, 43, 46, 41, 44, 45, 42, 49, 50, 47, 48, 51, 53, 52, 54, 58, 56, 57, 55, 59, 60, 61, 62, 63, 66, 65, 67, 64, 68, 69, 71, 70, 72, 73, 74, 76, 75, 78, 77, 84, 79, 80, 81, 83, 82, 87, 85, 86, 89, 88, 90, 91, 92, 94, 93, 97, 95, 98, 96, 99]

Tabu Estocástico: costo = 76412.3, tiempo = 109.6394 s

Orden: [6, 19, 5, 27, 32, 29, 38, 0, 43, 46, 45, 9, 13, 34, 26, 47, 58, 7, 21, 40, 2, 11, 30, 52, 55, 61, 60, 14, 51, 44, 63, 59, 4, 62, 41, 57, 25, 53, 50, 49, 12, 37, 67, 3, 20, 54, 69, 66, 42, 77, 76, 48, 68, 65, 78, 80, 16, 8, 24, 18, 15, 56, 74, 10, 75, 1, 23, 35, 28, 39, 71, 64, 73, 70, 72, 81, 87, 85, 86, 83, 89, 82, 88, 91, 90, 94, 93, 92, 97, 22, 84, 79, 31, 36, 17, 33, 95, 98, 96, 99]

--- Tamaño de lista tabú: 15 ---
Tabu Determinista: costo = 14265.9, tiempo = 209.7883 s
Orden: [0, 1, 5, 9, 2, 7, 3, 6, 8, 4, 11, 12, 10, 13, 15, 16, 17, 14, 19, 18, 23, 21, 22, 20, 24, 26, 29, 30, 28, 25, 33, 27, 32, 34, 31, 35, 36, 39, 37, 40, 38, 43, 46, 41, 44, 45, 42, 49, 50, 47, 48, 51, 53, 52, 54, 58, 56, 57, 55, 59, 60, 61, 62, 63, 66, 65, 67, 64, 68, 69, 71, 70, 72, 73, 74, 76, 75, 78, 77, 84, 79, 80, 81, 83, 82, 87, 85, 86, 89, 88, 90, 91, 92, 94, 93, 97, 95, 98, 96, 99]

Tabu Estocástico: costo = 79162.4, tiempo = 111.9384 s

Orden: [23, 27, 5, 32, 29, 1, 38, 9, 16, 43, 46, 45, 18, 34, 20, 0, 14, 13, 26, 47, 21, 41, 56, 58, 7, 30, 28, 52, 55, 2, 61, 12, 6, 59, 62, 65, 10, 39, 36, 57, 25, 37, 44, 70, 15, 50, 49, 53, 42, 76, 69, 19, 64, 78, 11, 68, 71, 77, 80, 84, 75, 31, 67, 66, 73, 33, 51, 72, 79, 81, 87, 85, 24, 63, 74, 17, 86, 54, 83, 89, 82, 88, 91, 90, 94, 3, 40, 8, 22, 93, 4, 48, 60, 92, 95, 97, 98, 35, 96, 99]

--- Tamaño de lista tabú: 20 ---
Tabu Determinista: costo = 14265.9, tiempo = 226.1728 s
Orden: [0, 1, 5, 9, 2, 7, 3, 6, 8, 4, 11, 12, 10, 13, 15, 16, 17, 14, 19, 18, 23, 21, 22, 20, 24, 26, 29, 30, 28, 25, 33, 27, 32, 34, 31, 35, 36, 39, 37, 40, 38, 43, 46, 41, 44, 45, 42, 49, 50, 47, 48, 51, 53, 52, 54, 58, 56, 57, 55, 59, 60, 61, 62, 63, 66, 65, 67, 64, 68, 69, 71, 70, 72, 73, 74, 76, 75, 78, 77, 84, 79, 80, 81, 83, 82, 87, 85, 86, 89, 88, 90, 91, 92, 94, 93, 97, 95, 98, 96, 99]

Tabu Estocástico: costo = 71567.2, tiempo = 128.5388 s

Orden: [2, 6, 17, 22, 38, 39, 14, 46, 13, 29, 20, 33, 10, 44, 37, 47, 42, 8, 21, 34, 58, 1, 26, 40, 11, 31, 30, 36, 52, 4, 55, 60, 9, 45, 41, 59, 62, 65, 12, 25, 53, 50, 64, 67, 76, 15, 32, 35, 66, 78, 51, 68, 77, 7, 16, 48, 75, 23, 70, 18, 49, 61, 71, 72, 69, 79, 81, 80, 87, 85, 86, 24, 74, 19, 56, 63, 28, 73, 89, 82, 88, 91, 3, 27, 43, 5, 83, 90, 0, 94, 93, 92, 97, 95, 98, 96, 54, 57, 84, 99]

--- Tamaño de lista tabú: 25 ---
Tabu Determinista: costo = 14265.9, tiempo = 250.7275 s
Orden: [0, 1, 5, 9, 2, 7, 3, 6, 8, 4, 11, 12, 10, 13, 15, 16, 17, 14, 19, 18, 23, 21, 22, 20, 24, 26, 29, 30, 28, 25, 33, 27, 32, 34, 31, 35, 36, 39, 37, 40, 38, 43, 46, 41, 44, 45, 42, 49, 50, 47, 48, 51, 53, 52, 54, 58, 56, 57, 55, 59, 60, 61, 62, 63, 66, 65, 67, 64, 68, 69, 71, 70, 72, 73, 74, 76, 75, 78, 77, 84, 79, 80, 81, 83, 82, 87, 85, 86, 89, 88, 90, 91, 92, 94, 93, 97, 95, 98, 96, 99]

Tabu Estocástico: costo = 79413.2, tiempo = 113.4745 s

Orden: [2, 18, 20, 29, 33, 38, 39, 46, 13, 34, 5, 26, 1, 3, 11, 22, 44, 14, 28, 42, 40, 49, 19, 31, 52, 55, 61, 60, 12, 51, 45, 63, 15, 21, 62, 65, 25, 53, 50, 64, 67, 76, 54, 27, 59, 56, 69, 23, 66, 78, 10, 68, 77, 17, 70, 6, 57, 58, 71, 16, 32, 84, 35, 47, 75, 0, 24, 41, 43, 72, 79, 81, 74, 87, 85, 86, 83, 89, 8, 37, 36, 30, 82, 88, 91, 94, 93, 92, 80, 4, 90, 7, 9, 97, 95, 48, 73, 98, 96, 99]

--- Tamaño de lista tabú: 30 ---
Tabu Determinista: costo = 14265.9, tiempo = 243.8402 s
Orden: [0, 1, 5, 9, 2, 7, 3, 6, 8, 4, 11, 12, 10, 13, 15, 16, 17, 14, 19, 18, 23, 21, 22, 20, 24, 26, 29, 30, 28, 25, 33, 27, 32, 34, 31, 35, 36, 39, 37, 40, 38, 43, 46, 41, 44, 45, 42, 49, 50, 47, 48, 51, 53, 52, 54, 58, 56, 57, 55, 59, 60, 61, 62, 63, 66, 65, 67, 64, 68, 69, 71, 70, 72, 73, 74, 76, 75, 78, 77, 84, 79, 80, 81, 83, 82, 87, 85, 86, 89, 88, 90, 91, 92, 94, 93, 97, 95, 98, 96, 99]

Tabu Estocástico: costo = 76822.0, tiempo = 137.2990 s